CodeCommande;CodePB;CodePersonne
10;18;31
13;129;22
13;129;149
13;130;151
18;6;31
18;7;31
20;8;31
20;9;31
21;10;25
22;11;32
23;12;34
27;14;14
30;16;31
32;17;31
33;19;31
37;23;51
38;24;51
41;27;52
41;28;52
42;29;53
44;30;55
45;31;52
46;32;47
46;32;49
46;32;50
46;32;52
46;33;47
46;33;49
46;33;50
46;33;52
47;34;52
48;35;55
49;36;60
52;42;63
52;43;64
52;43;65
52;44;67
52;44;68
52;44;69
52;45;70
52;45;71
52;45;72
52;45;73
52;45;74
52;46;70
52;46;71
52;46;72
52;46;73
52;46;74
52;47;75
52;47;76
52;47;81
52;48;77
52;48;78
52;48;79
52;48;80
53;49;64
53;49;65
53;50;82
53;51;83
53;52;84
53;52;85
53;53;86
53;53;87
53;54;86
53;54;87
53;55;88
54;56;89
55;57;14
55;58;65
56;59;91
59;61;92
60;62;94
60;62;95
60;62;96
60;63;
60;63;94
60;63;95
60;63;96
60;64;92
60;64;95
60;64;97
60;65;75
60;65;99
60;66;94
60;66;98
60;67;94
60;67;95
60;68;92
61;69;94
61;69;95
62;70;102
62;70;103
62;70;104
62;71;
62;71;105
63;72;14
63;73;106
64;74;108
68;76;114
68;76;115
69;77;92
71;81;92
71;81;117
72;83;118
77;88;119
83;95;121
83;95;122
84;96;14
84;96;52
85;97;124
86;98;124
87;99;122
88;100;121
89;101;124
90;102;52
91;103;92
91;103;125
91;103;126
91;103;127
91;104;128
91;104;129
91;104;130
92;105;131
92;105;132
92;106;131
92;106;132
92;107;133
92;107;134
92;107;135
92;108;136
92;109;79
92;109;137
92;109;138
92;110;79
92;110;137
92;110;138
92;111;128
94;113;47
95;114;145
95;114;146
96;115;52
100;124;22
100;124;149
101;125;150
101;126;150
102;127;150
102;128;150
103;131;151
103;132;22
103;132;149
104;133;95
104;133;153
104;133;154
104;134;153
104;135;156
104;136;92
104;137;95
104;137;154
104;138;95
104;138;156
105;139;52
105;140;95
105;140;154
105;141;160
105;142;14
105;143;92
105;144;153
105;145;156
105;146;161
105;147;52
105;148;14
106;149;160
107;152;14
107;152;92
107;153;14
107;154;14
107;155;14
109;156;163
110;157;164
111;158;169
111;159;169
112;160;14
113;161;160
113;162;160
113;163;160
113;164;160
113;165;160
113;166;160
114;167;172
115;168;14
115;169;160
116;170;92
117;171;92
118;172;160
121;175;178
122;176;14
122;177;14
123;178;92
123;179;52
123;179;92
124;180;150
124;181;95
124;182;98
125;183;180
125;183;181
125;184;92
126;185;92
126;186;92
127;187;182
127;187;183
128;188;184
128;189;184
129;190;92
129;191;92
130;192;92
130;193;154
130;194;92
131;195;52
131;195;92
132;196;47
132;196;185
133;197;94
133;197;95
134;198;186
134;198;187
134;198;188
134;199;189
134;200;189
136;202;47
136;202;49
138;203;191
139;204;192
139;205;193
139;206;47
139;206;49
139;207;194
139;208;195
140;209;196
141;210;47
141;210;49
141;210;52
142;211;198
144;213;47
144;213;49
145;214;52
146;215;47
146;215;49
146;215;52
146;216;47
146;216;49
146;216;52
147;217;47
147;217;49
148;218;154
149;219;189
150;220;192
151;221;193
152;222;47
152;222;49
152;224;92
153;225;154
154;226;14
154;228;14
154;229;14
155;230;14
156;232;196
156;233;14
156;234;14
156;235;14
156;236;14
156;237;201
156;237;202
156;238;203
156;240;204
156;240;205
156;241;14
156;241;47
156;241;49
157;243;202
157;243;203
158;244;206
158;244;207
158;244;208
159;245;207
159;245;208
160;246;52
161;247;92
162;248;209
163;249;214
163;249;215
165;251;217
168;258;222
168;259;223
170;260;283
171;261;225
171;262;225
174;264;230
174;265;230
175;266;231
180;275;315
181;276;315
181;277;315
182;279;315
182;280;315
186;295;246
186;296;248
186;296;249
188;298;258
188;298;259
188;298;260
188;299;258
188;299;259
188;299;260
189;300;261
190;301;258
190;301;259
191;302;265
192;303;266
193;304;265
194;305;267
195;306;267
196;307;321
197;308;269
198;309;270
200;314;272
201;315;273
201;315;274
201;315;275
201;316;273
201;316;274
201;316;275
202;317;315
203;318;283
203;318;315
203;319;283
203;319;315
203;320;283
203;320;315
204;321;283
204;321;315
204;322;283
204;322;315
206;323;281
209;330;285
210;332;315
214;335;315
214;336;315
215;337;288
216;338;265
216;338;270
216;338;283
216;338;293
216;338;315
217;339;315
217;340;283
217;340;293
217;340;315
218;341;293
218;342;293
218;343;293
219;344;283
219;344;293
219;344;315
219;345;283
219;345;293
219;345;315
220;346;296
220;346;297
220;347;296
220;347;297
221;348;298
224;351;270
227;352;288
230;361;309
230;362;270
230;363;310
230;364;213
230;365;315
230;366;315
230;367;54
230;368;213
230;369;206
230;369;312
230;370;213
231;371;317
232;372;283
232;372;315
233;373;281
233;374;319
233;375;320
233;376;321
233;377;270
233;378;270
233;379;322
233;379;323
233;379;324
233;380;322
233;380;323
233;380;324
233;381;259
233;381;325
235;386;323
235;386;328
235;387;330
235;388;325
235;388;331
235;389;332
235;390;283
235;391;259
235;391;325
235;391;333
236;392;322
238;394;283
240;398;283
240;399;283
241;400;315
241;401;315
242;402;315
243;403;315
244;404;315
244;404;339
244;405;315
244;405;339
244;406;315
244;406;339
244;407;315
244;407;339
247;411;315
253;423;349
254;424;349
255;425;350
255;425;351
257;427;352
257;428;352
259;430;356
261;433;358
262;434;316
264;435;360
264;436;360
265;437;361
266;438;360
266;439;360
266;440;360
266;440;362
266;441;360
266;442;360
266;443;360
266;443;362
266;444;360
267;445;364
267;445;365
267;446;364
267;446;365
267;447;316
267;447;364
267;447;365
267;447;366
267;448;367
267;449;360
267;450;368
268;451;369
270;452;369
270;454;316
270;454;366
271;455;371
271;455;372
273;457;371
274;458;375
275;459;377
275;460;378
275;461;377
276;462;316
276;462;365
276;463;316
276;463;365
277;464;365
277;464;373
278;465;316
279;466;369
279;468;379
280;469;380
280;469;381
280;469;382
280;470;383
281;471;378
281;472;378
282;473;384
282;473;385
283;474;376
284;475;387
284;476;388
285;477;389
285;478;389
285;479;390
285;480;391
285;481;392
286;482;365
286;482;373
287;483;394
288;484;369
288;485;369
288;486;369
288;487;369
288;488;369
289;491;316
289;492;316
289;492;365
290;494;377
290;495;378
292;496;380
292;496;396
293;497;384
293;498;383
293;498;389
294;499;316
294;499;366
295;500;360
295;500;397
296;501;316
297;502;316
297;502;365
298;503;399
298;504;400
298;505;360
298;505;362
298;506;360
298;506;397
298;507;360
298;507;397
301;517;401
301;517;402
303;519;399
303;519;400
305;520;405
305;524;406
305;525;407
306;526;408
306;527;408
308;530;365
308;530;368
308;530;373
308;531;365
308;531;368
308;531;373
308;532;365
308;532;368
308;532;373
308;533;365
308;533;368
308;533;373
309;534;316
309;535;316
310;536;365
310;537;316
311;538;365
311;538;373
313;541;365
313;542;365
314;543;468
314;544;468
315;545;316
315;545;366
315;546;378
316;547;316
317;548;316
318;549;360
318;549;362
318;551;360
318;553;360
318;554;410
319;555;360
319;556;360
319;557;360
319;558;383
319;559;397
319;560;381
320;561;411
320;561;412
320;562;316
320;562;365
320;563;316
320;563;365
320;564;316
320;564;365
320;566;316
320;567;316
320;567;365
320;568;378
321;569;413
322;570;316
322;571;415
322;571;416
322;572;417
322;573;418
323;574;373
323;575;419
323;576;420
323;577;420
323;578;421
323;579;422
323;579;423
323;579;424
323;580;363
323;580;373
323;580;425
323;581;222
323;581;426
323;582;427
323;584;428
323;585;429
323;586;430
323;587;431
323;587;432
323;588;431
323;590;432
323;590;433
323;591;357
323;592;222
323;592;426
324;593;316
325;594;433
327;596;434
327;596;435
328;597;435
328;598;365
328;598;373
328;599;316
328;599;365
328;600;316
328;600;366
329;601;365
329;602;365
329;603;365
329;604;368
330;605;369
330;606;436
331;607;437
331;608;365
332;609;365
332;609;373
332;610;365
332;610;373
332;611;365
332;611;373
333;612;438
333;613;439
333;613;440
334;614;441
334;614;442
336;617;379
337;618;385
338;619;443
339;620;365
340;621;413
341;622;365
342;623;445
342;624;445
343;625;316
343;625;366
344;627;360
345;628;447
345;629;316
345;630;316
345;631;316
345;632;316
346;633;448
348;635;365
348;638;378
348;639;366
348;639;373
349;640;369
351;642;451
352;643;453
353;644;399
354;645;360
354;645;362
354;646;360
354;647;397
355;648;373
356;650;454
357;651;357
358;652;369
359;653;379
360;654;455
360;655;455
361;656;456
361;657;365
362;658;365
363;659;457
363;660;457
364;661;368
365;662;435
365;663;435
365;664;435
367;667;459
367;667;464
367;668;460
367;668;461
367;668;462
367;668;463
368;669;413
369;670;368
369;670;373
369;671;368
369;671;373
369;672;368
369;672;373
369;673;368
369;673;373
369;674;368
369;674;373
369;675;368
369;675;373
370;676;369
370;677;369
371;678;465
372;679;466
373;680;466
373;681;378
373;681;425
375;685;468
375;686;468
377;688;411
380;693;435
380;694;435
381;695;472
382;697;473
382;698;474
383;699;475
386;701;316
386;701;360
387;702;316
388;703;477
389;704;480
391;707;316
391;708;483
391;708;485
392;709;486
393;710;487
393;710;488
394;711;411
395;712;490
395;712;491
395;713;490
395;713;491
396;714;492
399;719;493
403;726;498
405;727;52
405;728;52
405;729;52
406;730;31
407;731;14
408;732;14
411;735;14
414;740;14
414;740;52
414;740;505
415;741;14
416;742;52
416;743;52
419;749;52
419;750;508
419;751;508
419;752;60
419;753;509
420;756;510
420;757;512
420;757;513
420;757;542
420;758;121
421;759;49
423;762;31
424;763;52
425;764;14
425;765;121
425;765;515
426;766;31
426;767;31
426;768;31
426;769;31
427;770;31
428;771;14
428;772;121
428;772;515
430;775;31
430;775;517
431;776;509
434;778;31
435;779;132
442;789;518
443;790;519
443;791;519
445;796;52
446;797;49
446;798;49
446;799;52
447;800;31
447;800;517
447;801;31
448;802;52
449;803;521
449;803;522
450;804;523
450;805;523
451;806;523
451;806;524
451;807;523
451;807;524
452;809;14
452;810;52
453;811;524
453;812;524
453;813;524
453;814;524
454;815;524
454;816;14
454;816;52
468;831;150
469;832;14
475;845;150
476;846;527
478;847;14
479;848;52
480;849;49
481;850;528
482;851;154
483;852;31
489;859;14
493;863;530
493;864;530
493;865;530
496;871;14
497;872;14
498;873;14
499;874;14
501;876;532
502;877;533
503;878;534
504;879;535
507;881;49
510;882;150
510;882;536
512;884;52
517;887;14
517;888;14
520;890;14
520;890;527
521;891;95
521;891;527
521;891;529
522;892;14
522;892;537
522;893;49
523;894;538
525;898;539
526;899;14
527;900;14
530;902;14
531;903;52
532;904;49
533;905;49
533;905;529
534;906;14
535;907;527
535;908;527
536;909;14
537;911;49
539;912;49
540;913;14
541;914;530
541;915;530
541;916;530
541;917;530
541;918;530
542;919;546
542;919;547
543;920;14
545;921;549
546;922;14
548;924;18
553;930;14
555;932;14
557;934;553
558;935;14
558;935;553
559;936;52
559;936;553
560;937;14
560;937;556
563;939;31
564;940;14
565;941;560
566;942;31
566;942;349
566;942;561
566;943;31
566;943;349
566;943;561
568;944;14
568;945;14
569;946;31
569;946;349
570;947;14
571;948;31
574;952;52
575;953;14
576;954;14
577;955;14
578;956;14
579;957;14
580;958;14
584;963;14
586;965;14
588;968;14
590;969;569
590;969;570
590;969;571
591;970;14
591;970;52
591;971;14
591;971;52
592;972;14
593;973;14
593;974;14
593;975;14
593;976;572
593;977;186
593;978;573
594;979;14
595;980;14
596;981;14
596;981;574
596;981;575
597;982;577
598;983;578
598;983;579
599;984;52
599;985;95
602;990;14
602;990;580
603;991;581
604;992;14
605;993;14
605;993;572
606;994;572
607;995;582
608;996;581
610;997;14
611;998;584
611;998;585
614;1002;14
614;1003;14
614;1004;14
614;1005;14
615;1006;587
615;1007;587
616;1008;150
616;1009;588
621;1014;590
622;1015;14
623;1016;14
624;1017;52
631;1019;14
632;1021;14
633;1022;14
636;1025;593
637;1026;594
638;1027;595
640;1029;14
641;1030;14
642;1031;150
642;1031;573
642;1032;189
642;1033;588
644;1035;596
646;1036;527
647;1037;95
647;1037;529
648;1038;150
648;1039;150
649;1040;566
650;1041;588
652;1043;597
654;1045;599
654;1045;600
654;1045;601
655;1046;602
655;1046;603
656;1047;604
657;1048;572
658;1049;604
659;1050;14
660;1051;14
661;1052;52
662;1053;52
663;1054;605
664;1055;14
664;1055;333
664;1055;606
664;1055;607
665;1056;14
666;1057;14
667;1058;598
668;1059;608
668;1060;608
669;1061;14
669;1061;606
669;1061;609
670;1062;14
670;1062;606
670;1062;609
671;1063;14
672;1064;14
673;1065;95
673;1065;527
673;1066;95
673;1066;527
675;1067;167
676;1068;572
676;1068;610
677;1069;52
677;1069;92
678;1070;14
680;1071;52
682;1072;14
683;1073;14
685;1077;32
686;1078;14
686;1079;14
687;1080;14
687;1081;14
688;1082;14
694;1086;52
695;1087;14
700;1094;314
701;1095;314
703;1097;314
704;1098;314
706;1100;314
706;1101;314
706;1102;314
706;1103;314
708;1104;314
708;1105;314
708;1106;314
708;1106;349
708;1107;314
708;1107;623
708;1108;624
708;1108;625
709;1109;314
710;1110;314
711;1111;314
711;1112;314
711;1113;314
711;1114;314
711;1115;314
712;1116;314
712;1116;349
714;1117;314
714;1117;349
715;1118;349
716;1119;64
716;1120;64
717;1121;314
719;1123;628
720;1124;624
720;1124;625
721;1125;629
723;1126;632
724;1127;314
724;1128;314
726;1129;635
727;1130;636
728;1131;624
728;1132;624
729;1133;624
731;1135;314
731;1136;314
731;1137;314
732;1138;314
733;1139;639
735;1141;314
740;1145;642
741;1146;314
741;1146;629
741;1146;643
742;1147;32
744;1148;645
744;1149;645
745;1150;646
745;1151;646
747;1153;647
747;1154;647
748;1155;648
748;1156;648
749;1157;333
749;1158;333
750;1159;643
750;1160;643
751;1161;624
752;1162;649
752;1163;649
755;1166;650
758;1172;651
760;1174;314
760;1175;314
761;1176;314
762;1177;653
763;1178;654
763;1179;654
764;1180;624
764;1181;624
765;1182;314
765;1183;314
767;1185;656
768;1186;314
769;1187;657
769;1188;658
769;1189;658
770;1190;624
771;1191;314
773;1193;314
773;1194;314
773;1195;314
775;1196;660
775;1197;660
776;1198;660
777;1199;661
779;1201;662
779;1201;663
779;1201;664
779;1203;660
781;1204;665
782;1205;665
783;1206;660
784;1207;624
784;1207;660
785;1208;666
786;1209;664
786;1209;667
786;1210;664
786;1210;667
786;1211;664
786;1211;667
788;1214;668
788;1215;669
790;1217;670
791;1219;314
791;1219;349
791;1219;671
792;1220;672
793;1221;673
794;1222;314
794;1222;333
794;1222;674
796;1226;314
797;1227;314
798;1228;314
798;1228;349
798;1229;314
798;1229;349
799;1230;314
802;1232;629
804;1236;680
804;1236;681
805;1237;314
810;1246;683
810;1247;684
811;1248;685
811;1249;314
811;1249;333
811;1249;349
811;1249;350
812;1250;686
812;1251;686
813;1252;686
814;1253;314
815;1254;131
815;1254;688
817;1256;314
818;1257;690
819;1258;624
819;1258;691
819;1259;350
819;1260;692
821;1263;693
821;1263;694
821;1263;695
821;1264;693
821;1264;694
821;1264;695
822;1265;624
822;1265;696
822;1266;624
822;1267;697
823;1268;699
824;1269;314
826;1272;701
826;1273;703
826;1274;704
826;1275;262
826;1276;705
827;1277;314
827;1277;350
828;1278;314
828;1279;314
828;1280;314
829;1281;706
829;1282;707
830;1284;314
831;1285;708
835;1288;314
835;1289;314
835;1290;314
836;1291;716
837;1292;314
838;1293;314
838;1293;717
841;1296;314
841;1297;314
842;1298;314
844;1300;314
844;1301;314
847;1304;724
849;1306;315
850;1307;315
851;1308;726
853;1309;283
854;1310;315
854;1311;315
854;1312;315
855;1313;728
855;1314;728
856;1315;729
862;1316;315
863;1317;315
864;1318;315
864;1319;315
865;1321;315
866;1322;315
866;1323;315
866;1324;315
866;1325;315
866;1326;315
866;1327;315
866;1328;315
866;1329;315
867;1330;315
867;1331;315
867;1332;315
867;1333;315
867;1334;315
868;1335;315
868;1336;315
868;1337;315
868;1338;315
868;1339;315
869;1340;748
869;1341;748
870;1342;315
870;1342;749
870;1343;315
870;1344;315
870;1345;315
870;1346;749
870;1347;315
870;1348;750
870;1349;333
871;1350;750
874;1351;315
874;1353;315
875;1354;748
876;1356;315
877;1357;315
877;1358;315
877;1359;315
877;1360;315
878;1361;754
878;1361;755
878;1362;754
878;1362;755
886;1363;283
886;1363;315
886;1364;283
886;1364;315
886;1365;283
886;1365;315
886;1366;283
886;1366;315
886;1367;315
886;1368;315
887;1369;315
887;1370;315
887;1371;315
887;1372;315
887;1374;283
887;1375;283
887;1376;892
887;1377;892
887;1378;315
888;1379;315
890;1381;14
891;1382;60
892;1383;150
893;1384;527
895;1385;14
896;1386;14
897;1387;60
899;1389;764
900;1390;529
901;1391;60
903;1395;765
914;1404;14
918;1408;768
920;1410;769
921;1411;770
923;1412;771
927;1413;14
936;1419;14
936;1420;14
936;1421;14
940;1423;774
941;1424;315
942;1425;315
943;1426;775
944;1427;776
945;1428;777
946;1429;316
946;1430;316
946;1431;316
946;1432;316
946;1433;316
947;1434;358
948;1435;365
950;1439;358
952;1441;316
952;1441;366
952;1442;479
954;1443;365
955;1444;785
957;1445;810
959;1451;316
959;1451;365
959;1451;366
959;1451;785
959;1452;316
959;1452;365
959;1452;366
959;1452;785
959;1453;316
959;1453;365
959;1453;366
959;1453;785
959;1454;316
959;1454;365
959;1454;366
959;1454;785
959;1455;316
960;1456;316
960;1456;366
960;1457;316
960;1457;366
960;1458;316
960;1458;365
960;1458;366
960;1458;373
960;1459;316
960;1459;366
961;1464;316
962;1465;816
963;1466;316
963;1466;365
963;1466;366
963;1466;373
964;1468;365
964;1468;366
964;1469;316
964;1469;365
964;1470;819
965;1471;365
965;1471;366
966;1472;316
966;1472;365
966;1473;785
966;1474;785
966;1475;785
966;1476;373
967;1478;822
967;1478;823
968;1479;316
968;1479;365
968;1479;366
968;1479;373
969;1481;316
969;1481;365
969;1481;366
974;1490;34
975;1491;52
976;1492;131
976;1492;132
977;1493;52
978;1494;828
979;1497;52
979;1497;92
980;1498;52
982;1499;830
983;1500;831
984;1501;750
984;1501;833
984;1501;834
984;1501;835
984;1501;836
985;1502;283
987;1503;283
988;1504;839
989;1505;283
989;1506;283
990;1507;315
991;1509;283
992;1511;841
994;1512;842
994;1513;842
994;1514;842
996;1515;283
996;1515;315
997;1516;283
999;1519;315
1001;1520;283
1005;1524;283
1006;1525;283
1007;1526;842
1007;1527;842
1008;1528;842
1010;1529;315
1012;1531;92
1012;1531;853
1013;1535;854
1014;1537;283
1020;1540;863
1020;1540;864
1023;1541;868
1027;1542;874
1027;1542;875
1028;1543;876
1029;1544;283
1029;1544;315
1030;1545;877
1031;1546;283
1032;1547;32
1032;1548;32
1034;1550;881
1035;1551;881
1035;1552;881
1036;1553;315
1037;1554;882
1037;1555;882
1038;1556;884
1038;1556;885
1039;1557;888
1040;1558;882
1044;1561;877
1046;1563;877
1046;1563;884
1047;1564;888
1048;1565;892
1049;1566;888
1052;1569;265
1059;1574;888
1060;1575;888
1072;1587;894
1072;1587;895
1074;1589;896
1074;1590;896
1075;1591;31
1075;1591;896
1076;1592;31
1076;1592;896
1076;1593;31
1076;1593;896
1077;1594;530
1077;1595;530
1078;1596;896
1078;1597;31
1078;1598;31
1078;1598;896
1079;1599;31
1079;1599;896
1080;1600;52
1080;1602;897
1081;1603;14
1081;1604;14
1083;1605;31
1083;1605;896
1083;1605;901
1083;1606;31
1083;1606;896
1083;1606;901
1085;1607;903
1089;1611;906
1090;1612;316
1090;1612;350
1090;1612;556
1090;1612;903
1091;1614;839

