CodeCommande;CodePFA;CodePersonne
10;2;16
12;3;21
18;4;30
20;5;30
24;6;35
28;7;31
28;8;31
28;9;39
28;9;40
31;10;42
35;11;14
45;12;47
45;12;49
45;12;50
52;13;55
52;13;66
58;14;47
58;14;49
58;14;50
65;15;110
67;16;113
71;17;117
71;18;117
91;22;92
108;26;106
137;27;190
162;29;209
162;29;211
173;32;229
173;32;283
173;32;315
175;33;231
177;34;233
177;35;233
182;37;315
182;38;315
183;39;240
184;40;283
184;41;283
186;43;315
187;44;249
187;44;251
187;44;252
187;44;253
187;44;254
187;44;255
187;45;216
187;45;250
187;45;256
187;45;257
200;46;272
205;47;280
205;47;315
205;48;280
205;48;315
208;50;283
224;53;270
225;54;283
225;54;315
226;55;304
230;58;54
230;58;206
230;58;312
257;60;353
257;60;354
263;63;359
273;64;371
274;65;376
288;66;369
288;67;369
290;68;316
290;68;365
291;69;316
291;70;316
304;73;363
304;73;365
304;73;373
304;74;363
304;74;365
304;74;373
314;76;468
384;78;316
384;79;316
391;80;316
391;81;316
403;84;498
410;86;52
410;87;52
416;89;52
442;92;518
443;93;519
443;94;519
453;95;524
467;96;94
468;98;526
477;101;527
508;103;49
509;104;14
509;105;14
514;107;14
516;108;49
518;109;14
528;110;14
539;112;49
544;114;52
548;115;18
562;116;14
564;117;14
589;118;14
609;119;14
626;120;14
627;121;52
628;122;52
629;123;52
630;124;14
636;125;593
668;126;608
673;127;95
673;127;527
679;128;14
681;129;14
696;130;350
713;131;627
722;132;314
739;134;641
742;135;644
743;136;624
774;138;659
774;139;659
774;140;659
791;141;314
791;141;349
791;141;671
794;142;314
794;142;333
794;142;674
800;143;678
827;144;314
827;144;350
834;145;715
850;147;315
852;148;315
857;149;730
857;149;731
857;149;732
858;150;733
858;150;734
858;150;735
859;151;736
860;152;737
860;152;738
860;152;739
860;152;740
860;152;741
860;152;742
861;153;743
864;155;315
867;157;315
867;158;315
869;159;748
877;160;315
879;161;756
880;162;757
880;163;757
880;164;757
881;165;315
881;166;315
882;167;283
883;168;315
884;169;759
885;170;315
885;171;283
886;172;315
886;173;315
886;174;315
887;175;283
916;179;766
918;180;768
922;181;771
939;183;773
953;184;781
953;184;782
953;184;783
956;185;370
956;185;422
956;185;786
956;185;787
956;185;788
956;185;789
956;185;790
956;185;791
956;185;792
956;185;793
956;185;794
956;185;795
956;185;796
956;185;797
956;185;798
956;185;799
956;185;800
956;185;801
956;185;802
956;185;803
956;185;804
956;185;805
956;185;806
956;185;807
960;186;316
960;186;366
964;187;373
969;188;825
981;189;92
987;190;838
995;191;843
995;191;844
1000;192;283
1000;193;283
1005;194;850
1009;195;852
1009;196;852
1009;197;852
1016;198;857
1025;199;283
1027;200;872
1027;201;872
1027;202;332
1027;202;858
1035;203;881
1040;204;882
1042;205;888
1049;206;888
1049;207;888
1049;208;888
1049;209;888
1050;210;888
1057;212;888
1076;214;31
1076;214;896
1081;215;31
1081;215;896
1081;216;31
1081;216;898
1081;216;899
1083;217;31
1083;217;896
1084;218;52

