CodeCommande;CodePersonne
10;166
11;17
12;20
13;41
16;23
17;24
18;26
18;27
18;28
20;26
20;27
20;28
23;33
27;38
28;31
30;41
33;44
34;14
35;45
37;26
39;33
40;33
44;54
45;26
46;56
47;57
49;59
50;61
51;57
52;62
53;33
55;90
59;26
60;93
61;101
62;93
63;26
64;107
65;109
66;111
67;112
68;33
69;90
70;116
83;26
91;41
92;33
93;143
96;90
98;52
99;26
99;33
99;147
102;41
111;167
113;170
116;173
117;174
119;90
120;176
121;177
124;41
125;33
126;116
127;33
129;116
130;93
131;93
134;26
139;33
141;177
141;197
144;199
145;116
146;116
148;26
152;41
153;41
155;170
162;210
163;213
164;213
165;219
166;170
166;216
167;216
168;216
169;170
170;170
172;226
173;228
174;54
176;232
177;283
178;234
182;239
184;283
187;170
187;250
190;262
191;264
192;264
193;264
198;271
200;272
202;276
202;277
207;282
209;284
210;90
210;284
211;287
212;284
214;284
215;283
216;289
216;290
216;291
217;289
220;289
221;289
222;289
223;300
223;301
224;302
225;303
226;250
227;307
228;250
229;283
230;216
231;216
232;216
234;289
234;327
235;289
239;283
240;300
241;300
242;336
243;336
244;338
249;300
251;283
255;350
261;357
267;363
267;364
268;363
270;370
271;363
272;370
273;374
275;363
276;370
277;373
278;370
279;363
280;367
281;357
282;363
283;363
284;363
286;373
287;393
288;290
289;374
290;374
291;373
291;374
292;367
294;290
295;397
296;290
297;373
298;290
298;397
299;363
300;363
301;403
302;363
302;404
305;363
305;366
305;404
306;370
308;373
309;366
310;373
311;373
312;363
313;373
315;370
316;290
316;370
317;373
318;290
318;397
319;290
319;397
320;290
320;366
321;290
322;290
322;414
323;300
324;370
325;290
325;357
326;290
327;290
328;366
329;363
335;370
335;376
339;373
340;444
341;357
342;290
343;370
344;290
344;397
345;446
347;290
348;363
350;449
350;450
352;452
354;397
355;373
357;290
361;370
362;373
365;363
367;458
369;365
373;290
373;369
375;467
382;473
383;316
384;476
389;479
390;222
390;482
391;481
391;484
392;481
393;482
393;489
395;479
396;479
397;479
403;496
404;499
408;59
409;59
410;59
412;14
412;504
413;504
417;506
418;507
419;504
443;59
446;507
449;520
450;507
452;525
495;531
530;540
531;540
533;540
534;541
535;540
535;542
536;543
538;540
540;545
543;59
544;548
547;37
548;37
553;551
554;37
554;552
557;216
558;216
559;216
560;554
560;555
562;14
563;558
564;559
565;14
567;565
573;567
574;568
585;170
586;170
596;568
597;576
598;576
602;170
603;170
608;170
609;583
610;170
611;568
620;589
622;591
635;170
641;568
646;589
653;598
665;170
666;170
667;568
668;568
673;568
675;568
676;568
677;568
679;568
681;611
682;568
685;612
686;228
687;228
688;228
689;170
691;170
692;170
694;614
695;616
697;170
698;617
698;618
699;617
699;618
699;619
701;170
702;620
703;621
709;626
710;170
711;626
718;170
723;630
723;631
724;633
727;170
728;170
735;170
736;640
737;314
738;314
745;228
753;631
754;170
760;652
770;170
771;90
772;90
784;631
793;658
798;677
805;90
805;170
806;90
807;90
807;682
808;90
809;90
810;90
811;90
812;90
813;90
814;90
814;170
815;90
815;631
816;90
817;90
817;689
818;90
818;682
819;90
820;90
820;314
821;90
821;567
822;90
823;90
823;698
825;700
827;170
831;90
832;709
832;710
832;711
832;712
833;713
834;714
839;170
840;719
843;720
844;721
847;723
849;291
850;291
851;726
854;727
863;744
864;745
865;338
866;291
867;291
868;746
869;747
870;291
872;751
873;753
874;291
877;291
881;338
882;315
883;758
885;744
886;291
886;760
886;761
887;291
888;291
889;763
912;59
921;592
942;300
943;290
944;291
946;778
947;458
947;779
951;290
957;809
958;373
959;479
961;370
963;817
964;818
970;370
972;827
973;827
975;262
981;829
984;262
990;840
995;216
996;837
997;846
998;283
1001;216
1004;216
1006;289
1007;851
1012;106
1014;855
1015;290
1016;856
1019;290
1020;862
1023;867
1030;290
1030;291
1031;290
1031;291
1031;879
1032;290
1034;880
1035;880
1036;880
1037;880
1038;880
1038;883
1039;880
1039;886
1039;887
1040;880
1041;889
1044;216
1044;821
1045;821
1046;291
1049;291
1049;300
1050;291
1050;300
1051;291
1051;300
1052;291
1052;300
1053;291
1053;300
1054;291
1054;300
1055;291
1055;300
1056;291
1056;300
1057;291
1057;300
1058;291
1058;300
1059;291
1059;300
1060;291
1060;300
1061;291
1061;300
1062;291
1062;300
1063;291
1063;300
1064;291
1064;300
1065;291
1065;300
1066;291
1066;300
1067;291
1067;300
1068;291
1068;300
1069;291
1069;300
1070;291
1070;300
1071;216
1072;893
1081;900
1083;900
1084;902
1085;880
1086;904
1087;216
1088;291
1089;291
1090;216
1091;291
1092;880
1093;291
1094;291
1095;338
1096;338

