CodeCommande;CodePFF;CodeCommandePB;CodePB
26;12;27;15
26;13;27;14
26;13;27;15
39;17;39;25
44;21;44;30
44;21;48;35
45;18;45;31
45;18;46;32
46;19;46;32
47;20;47;34
48;18;46;33
50;22;50;37
50;22;50;38
50;22;50;40
51;23;51;41
52;25;52;42
52;28;52;46
53;30;53;51
53;31;53;52
53;33;53;55
55;35;55;57
60;37;60;63
63;38;63;72
71;40;71;81
72;43;72;83
73;44;73;84
73;44;73;85
73;45;73;84
74;46;74;86
75;47;75;87
80;48;80;92
83;49;83;95
84;50;84;96
85;51;85;97
86;52;86;98
87;49;87;99
88;49;88;100
89;54;89;101
92;56;92;105
92;56;92;106
92;57;92;105
92;57;92;106
92;58;92;107
92;59;92;108
92;60;92;109
92;60;92;110
92;61;92;111
94;62;94;113
98;63;98;117
99;64;99;120
99;64;99;121
99;64;99;122
99;64;99;123
100;65;100;124
100;65;103;132
101;66;101;126
101;66;102;127
101;66;102;128
104;67;104;133
104;67;104;138
104;68;104;133
104;68;104;134
104;69;104;135
106;70;106;149
107;29;107;154
107;72;107;153
107;73;107;153
107;74;107;154
107;75;107;154
112;76;112;160
116;12;116;170
116;78;116;170
117;79;117;171
118;80;118;172
121;82;121;175
122;83;122;177
123;55;123;178
123;84;123;178
125;22;125;184
125;85;125;183
125;86;125;184
126;87;126;185
126;87;126;186
128;88;128;188
128;89;128;189
129;90;129;190
129;90;129;191
131;91;131;195
132;92;132;196
133;93;133;197
134;94;134;198
134;95;134;199
134;95;134;200
136;96;136;202
139;24;139;204
139;97;141;210
139;97;150;220
139;98;139;205
139;99;139;205
139;99;151;221
139;100;139;208
140;101;140;209
141;102;141;210
141;103;141;210
143;104;143;212
145;105;145;214
146;106;146;215
146;106;146;216
147;36;147;217
147;107;147;217
148;111;148;218
148;111;153;225
149;108;149;219
152;109;152;223
153;110;153;225
154;32;154;229
154;112;154;226
154;112;154;229
155;113;155;230
156;48;156;237
156;114;156;232
156;115;156;233
156;115;156;234
156;115;156;235
156;116;156;236
156;117;156;237
156;117;157;243
156;118;156;238
156;119;156;240
156;120;156;240
156;121;156;241
156;122;156;241
158;123;158;244
159;124;159;245
161;125;161;247
165;126;165;251
167;128;167;255
167;128;167;256
167;128;167;257
167;129;167;255
167;129;167;256
167;129;167;257
172;131;172;263
174;132;174;264
174;132;174;265
175;67;175;266
175;133;;
175;133;175;266
178;136;178;271
178;136;178;273
178;137;178;271
178;137;178;273
186;138;186;295
194;139;194;305
194;139;195;306
198;140;198;309
199;141;;
199;141;199;310
199;141;199;311
199;141;199;312
199;141;199;313
201;142;201;315
201;142;201;316
206;143;206;323
209;144;209;330
209;144;209;331
210;145;210;332
210;145;210;333
210;145;211;334
214;149;214;335
214;149;214;336
217;150;217;340
217;151;217;340
220;152;220;346
220;152;220;347
221;153;221;348
224;154;224;351
224;155;224;351
227;156;227;352
230;159;230;362
230;160;230;362
230;161;230;365
230;162;230;368
231;163;231;371
232;164;232;372
233;165;233;376
233;166;233;377
233;167;233;377
233;168;233;378
233;169;233;379
233;169;233;380
234;170;234;383
234;171;234;383
235;172;235;390
242;173;242;402
243;174;243;403
244;175;244;404
244;175;244;405
244;175;244;406
244;175;244;407
257;179;257;427
257;179;257;428
258;180;258;429
259;181;259;430
266;182;266;438
266;183;266;439
266;184;266;440
266;185;266;441
266;186;266;442
266;187;266;443
266;188;266;444
267;189;267;445
267;190;267;446
267;191;267;447
267;192;;
267;192;267;448
267;193;267;449
267;194;267;450
270;195;270;452
270;196;270;454
272;197;272;456
274;198;274;458
275;199;275;460
275;200;275;460
275;201;275;460
276;202;276;462
276;202;276;463
276;203;276;462
276;203;276;463
277;204;277;464
278;205;278;465
279;206;279;467
280;207;279;468
280;207;280;469
280;208;280;470
281;209;281;471
281;209;281;472
283;210;283;474
285;211;285;480
285;212;285;481
286;213;286;482
288;214;288;484
288;215;288;485
288;215;288;486
288;215;288;487
288;216;288;488
294;217;294;499
295;218;295;500
296;219;296;501
297;220;297;502
298;221;298;503
298;222;298;505
298;222;298;506
298;223;298;507
305;224;305;523
305;225;305;523
305;226;305;525
305;227;305;525
306;228;306;526
306;228;306;527
306;229;306;526
306;229;306;527
308;230;308;531
308;230;308;532
308;230;308;533
308;231;308;531
308;231;308;532
308;231;308;533
309;232;309;534
309;232;309;535
309;233;309;534
309;233;309;535
311;234;311;538
313;235;313;541
313;236;313;542
314;237;314;543
314;237;314;544
315;238;315;545
315;239;315;546
316;240;316;547
316;241;316;547
316;242;316;547
317;243;317;548
318;244;318;550
318;245;318;550
318;246;318;551
318;247;318;551
318;248;318;553
318;249;318;554
319;250;319;556
319;251;319;555
319;252;319;557
319;253;319;558
319;254;319;559
319;255;319;560
320;256;320;561
320;257;320;564
320;258;320;565
320;259;320;565
320;260;320;566
320;261;320;566
320;262;320;567
320;263;320;567
320;264;320;568
320;265;320;568
322;266;322;573
322;267;322;571
322;267;322;572
322;268;322;570
322;269;322;571
323;270;323;578
323;271;323;575
323;272;323;574
323;273;323;580
323;274;323;581
323;275;323;581
323;276;323;582
323;277;323;588
323;278;323;590
323;279;323;591
323;280;323;592
323;281;323;592
324;282;324;593
325;283;325;594
327;284;327;596
327;285;327;596
327;286;327;596
328;287;328;597
328;288;328;598
328;289;328;599
328;290;328;600
329;291;329;601
329;292;329;602
329;293;329;603
329;294;329;604
330;295;330;605
332;296;332;609
332;297;332;609
332;298;332;610
332;299;332;611
333;300;333;612
333;301;333;613
335;302;335;615
335;302;335;616
338;303;338;619
338;304;338;619
339;305;339;620
340;306;;
340;306;340;621
340;307;340;621
341;308;341;622
342;309;342;623
342;310;342;624
343;311;343;625
344;312;344;626
344;312;344;627
344;314;344;627
347;315;347;634
348;316;348;635
348;316;348;636
348;317;348;637
348;318;348;637
348;319;348;638
348;320;348;639
349;321;349;640
354;322;353;644
354;323;354;646
354;324;354;646
354;325;354;647
354;326;354;647
354;327;354;647
355;328;355;648
361;329;361;657
367;330;367;667
367;331;367;668
367;332;367;668
369;333;369;670
369;333;369;671
369;333;369;672
369;333;369;673
369;333;369;674
369;333;369;675
369;334;369;670
369;334;369;671
369;334;369;672
369;334;369;673
369;334;369;674
369;334;369;675
369;335;369;670
369;335;369;671
369;335;369;672
369;335;369;673
369;335;369;674
369;335;369;675
369;336;369;670
369;336;369;671
369;336;369;672
369;336;369;673
369;336;369;674
369;336;369;675
369;337;369;670
369;337;369;671
369;337;369;672
369;337;369;673
369;337;369;674
369;337;369;675
370;338;370;676
370;338;370;677
370;339;370;676
370;339;370;677
372;340;372;679
372;341;372;679
377;342;377;688
382;343;382;696
382;344;382;697
391;345;391;707
392;346;392;709
394;347;394;711
395;348;395;712
395;348;395;713
396;349;396;714
406;350;406;730
407;351;407;731
408;352;408;732
411;353;411;735
411;353;411;736
413;354;412;737
413;354;413;738
419;355;419;754
419;356;419;754
419;357;419;749
423;358;423;762
427;359;427;770
428;360;428;772
429;361;429;773
434;363;434;778
434;364;434;778
434;365;434;778
437;366;437;781
437;366;437;782
438;367;438;783
438;367;438;784
441;368;441;787
445;369;445;796
447;370;447;800
448;371;448;802
452;372;452;810
453;373;453;814
454;374;454;816
469;375;469;832
472;377;472;838
472;377;472;839
473;378;473;840
474;379;474;842
474;379;474;843
474;379;474;844
478;380;478;847
487;382;487;857
493;383;493;863
493;383;493;864
493;383;493;865
498;384;498;873
499;385;499;874
500;386;500;875
512;388;512;884
513;389;513;885
513;390;513;885
519;391;519;889
520;392;520;890
522;393;522;892
523;394;523;894
526;395;526;899
526;395;527;900
530;396;530;902
531;397;531;903
532;398;532;904
534;399;534;906
541;400;541;918
541;401;541;916
543;402;543;920
543;403;543;920
546;404;546;922
548;405;548;924
553;406;553;930
554;407;554;931
554;408;554;931
554;408;555;932
554;408;556;933
559;409;559;936
561;410;561;938
566;411;566;942
566;411;566;943
568;415;568;944
568;415;568;945
569;416;569;946
570;417;570;947
570;418;570;947
571;419;571;948
574;420;574;952
575;421;575;953
576;422;576;954
577;423;577;955
578;424;578;956
580;425;580;958
584;427;584;963
585;428;585;964
585;429;585;964
585;430;585;964
586;431;586;965
587;432;587;966
587;432;587;967
588;433;588;968
588;434;588;968
590;435;590;969
591;436;591;970
591;436;591;971
591;436;592;972
593;437;593;973
593;438;593;974
593;439;593;975
593;440;593;976
593;441;593;977
595;442;595;980
597;443;597;982
598;444;598;983
598;445;598;983
600;446;600;986
600;446;600;987
600;446;601;988
600;446;601;989
602;447;602;990
603;448;603;991
603;448;608;996
604;449;604;992
604;450;604;992
604;451;604;992
605;452;605;993
605;453;605;993
606;454;606;994
610;455;610;997
614;456;614;1002
614;457;614;1003
614;457;614;1004
614;458;614;1005
622;459;622;1015
622;460;622;1015
623;461;623;1016
624;462;624;1017
624;463;624;1017
631;464;631;1019
632;465;632;1021
633;466;633;1022
634;467;634;1023
639;468;639;1028
640;469;640;1029
640;470;640;1029
641;471;641;1030
642;472;642;1031
642;473;642;1031
642;474;642;1031
642;475;642;1032
642;476;642;1033
661;478;661;1052
665;479;665;1056
666;480;666;1057
671;481;671;1063
672;482;672;1064
680;485;680;1071
682;486;682;1072
686;487;686;1078
686;487;686;1079
687;488;687;1080
687;489;687;1081
687;490;687;1081
688;491;688;1082
695;497;695;1087
697;498;697;1088
701;499;701;1095
704;500;704;1098
706;504;706;1101
709;506;709;1109
710;507;710;1110
711;508;711;1111
711;508;711;1112
711;508;711;1113
711;508;711;1114
711;508;711;1115
712;509;712;1116
714;510;714;1117
714;510;715;1118
715;511;715;1118
716;512;716;1119
716;512;716;1120
716;513;716;1119
717;514;717;1121
721;515;721;1125
724;516;724;1127
724;516;724;1128
728;517;728;1131
728;517;728;1132
729;518;729;1133
731;519;731;1135
731;519;731;1136
731;519;731;1137
731;519;732;1138
733;520;733;1139
735;521;735;1141
741;522;741;1146
744;523;744;1148
744;523;744;1149
746;524;746;1152
751;525;751;1161
752;526;752;1162
752;526;752;1163
759;527;759;1173
760;528;760;1174
760;528;760;1175
761;529;761;1176
763;530;763;1178
763;531;763;1179
773;532;773;1193
773;532;773;1194
773;532;773;1195
775;533;775;1196
775;533;775;1197
778;534;778;1200
779;535;779;1202
781;536;781;1204
782;537;782;1205
783;538;783;1206
784;539;784;1207
785;540;785;1208
786;541;786;1209
786;541;786;1210
786;541;786;1211
787;542;787;1212
787;542;787;1213
788;543;788;1214
790;544;790;1217
794;545;794;1222
795;546;795;1223
795;546;795;1224
795;546;795;1225
796;547;796;1226
797;548;797;1227
798;549;798;1228
798;549;798;1229
799;550;799;1230
801;551;803;1233
801;551;803;1234
801;552;803;1233
801;552;803;1234
802;553;802;1232
804;554;804;1236
805;555;805;1237
811;556;811;1249
812;557;812;1250
812;557;812;1251
812;558;812;1250
812;558;812;1251
812;558;813;1252
814;559;814;1253
819;560;819;1258
819;561;819;1259
819;562;819;1260
822;563;822;1265
822;564;822;1266
822;565;822;1267
824;566;824;1269
824;567;824;1270
826;568;826;1276
826;569;826;1275
826;570;826;1275
826;571;826;1274
826;572;826;1273
826;573;826;1272
827;574;827;1277
828;575;828;1278
828;576;828;1279
828;577;828;1280
829;578;829;1282
830;579;830;1284
835;580;835;1288
835;581;835;1289
835;581;835;1290
836;582;836;1291
837;583;837;1292
838;584;838;1293
841;586;841;1296
841;586;841;1297
843;587;843;1299
844;588;844;1300
844;588;844;1301
844;589;844;1300
844;589;844;1301
850;590;850;1307
851;591;851;1308
855;592;855;1313
855;592;855;1314
855;593;855;1313
855;593;855;1314
855;594;855;1313
855;594;855;1314
862;595;862;1316
864;596;864;1319
866;598;866;1329
866;599;866;1328
866;600;866;1327
866;601;866;1326
866;602;866;1326
866;603;866;1325
866;604;866;1324
866;605;866;1323
867;606;867;1334
867;607;867;1333
867;608;867;1333
867;609;867;1332
867;610;867;1331
867;611;867;1330
870;612;870;1345
870;613;870;1344
870;614;870;1343
870;615;870;1342
870;617;870;1348
870;618;870;1349
871;619;871;1350
874;621;874;1351
874;622;874;1353
875;623;875;1354
875;623;875;1355
875;624;875;1354
877;625;877;1359
877;626;877;1360
886;627;886;1368
886;628;886;1368
886;629;886;1368
887;630;887;1377
887;631;887;1377
887;632;887;1376
887;633;887;1373
887;634;887;1372
887;635;887;1378
887;636;887;1371
887;637;887;1370
887;638;887;1369
888;639;888;1379
890;640;890;1381
895;641;895;1385
902;642;902;1394
904;643;904;1396
907;644;907;1398
908;645;908;1399
909;646;909;1400
911;647;911;1401
912;648;912;1402
917;649;917;1407
919;650;919;1409
921;651;921;1411
927;656;927;1413
931;661;931;1415
932;662;931;1415
933;663;933;1416
936;664;936;1419
936;664;936;1420
936;664;936;1421
938;667;938;1422
940;668;940;1423
942;669;942;1425
944;670;944;1427
944;671;944;1427
952;672;952;1441
952;673;952;1442
952;674;952;1442
952;675;952;1441
959;676;959;1455
960;681;960;1458
960;682;960;1457
960;682;960;1459
960;683;960;1456
961;685;961;1464
961;686;961;1464
964;698;964;1468
965;699;965;1471
966;700;966;1476
966;701;966;1475
966;702;966;1474
966;703;966;1473
967;704;967;1477
970;705;970;1485
974;712;974;1490
975;713;975;1491
976;714;976;1492
977;715;977;1493
980;716;980;1498
987;718;987;1503
991;719;991;1509
992;720;992;1511
996;722;996;1515
999;723;999;1519
1008;724;1008;1528
1011;725;1011;1530
1013;726;1013;1535
1014;727;1014;1537
1015;728;1015;1538
1017;729;1017;1539
1028;736;1028;1543
1033;737;1033;1549
1036;738;1036;1553
1048;739;1048;1565
1074;740;1074;1589
1074;740;1074;1590
1075;741;1075;1591
1076;742;1076;1592
1076;743;1076;1593
1078;744;1078;1598
1078;744;1079;1599
1083;745;1083;1605
1083;745;1083;1606
1085;746;1085;1607

