CodeCommande;CodePB;CodePersonne
10;18;41
13;129;41
13;130;41
36;22;326
48;35;41
61;69;101
62;70;101
62;71;101
91;103;41
93;112;144
95;149;162
99;120;147
99;121;26
99;122;26
99;123;33
102;127;41
102;128;41
103;131;41
103;132;41
104;133;33
104;134;33
104;135;33
104;136;159
104;137;41
104;138;41
106;149;162
106;150;162
111;158;165
111;158;166
111;159;165
111;159;166
118;172;174
118;172;175
130;192;93
130;193;93
130;194;93
131;195;93
140;209;33
141;210;177
141;210;197
143;212;26
145;214;116
146;215;116
146;216;116
148;218;26
152;222;41
152;223;41
152;224;41
153;225;41
155;230;26
158;244;116
159;245;41
160;246;116
161;247;116
166;252;220
166;253;220
166;254;220
170;260;326
171;261;225
171;262;225
175;266;326
180;275;237
185;292;243
185;293;244
185;293;245
185;293;326
185;294;243
185;294;244
185;294;245
185;294;326
186;295;247
186;296;247
187;297;245
188;298;243
188;299;244
189;300;243
190;301;243
191;302;243
192;303;243
193;304;243
194;305;243
195;306;244
196;307;243
197;308;243
198;309;243
199;310;243
199;311;243
199;312;243
199;313;243
215;337;243
216;338;243
217;339;244
217;340;244
217;340;247
218;341;295
218;342;244
218;342;326
218;343;244
218;343;326
220;346;243
220;347;243
221;348;243
222;349;295
223;350;282
230;359;33
230;360;33
230;367;326
230;368;326
230;369;326
230;370;326
231;371;318
232;372;33
233;373;318
233;374;318
233;375;318
233;376;318
233;377;318
233;378;318
233;379;318
233;380;318
233;381;318
234;382;326
234;383;326
234;384;326
234;385;326
235;386;329
235;387;329
235;388;329
235;389;329
235;390;329
235;391;329
236;392;245
242;402;282
243;403;337
245;408;26
245;408;243
245;409;244
245;409;247
245;409;340
245;409;341
246;410;243
248;412;243
248;413;247
248;413;343
250;416;243
250;416;347
250;417;41
250;417;244
253;423;348
254;424;329
260;431;282
260;432;282
282;720;282
310;536;329
310;537;329
387;702;282
388;703;478
390;705;481
393;710;481
400;720;282
405;727;501
405;728;501
405;729;501
545;921;550
546;922;550
560;937;557
594;979;144
614;1002;586
614;1003;586
614;1004;586
614;1005;586
622;1015;592
624;1017;144
665;1056;144
694;1086;615
724;1127;634
732;1138;244
737;1143;237
738;1144;232
764;1180;655
764;1181;655
765;1182;655
765;1183;655
766;1184;655
767;1185;655
769;1187;655
769;1188;655
769;1189;655
770;1190;93
771;1191;655
772;1192;655
786;1209;247
786;1210;247
786;1211;247
787;1212;247
787;1213;247
788;1214;247
788;1215;247
789;1216;247
791;1219;247
832;1286;237
833;1287;237
950;1439;780
951;1440;282
954;1443;784
958;1447;811
958;1448;811
958;1449;811
958;1450;811
960;1456;812
960;1457;812
960;1458;812
960;1459;812
965;1471;784
966;1472;820
966;1473;820
966;1474;820
966;1475;820
966;1476;820
967;1477;821
967;1478;821
968;1479;818
969;1480;824
969;1481;824
998;1517;847
998;1518;847
999;1519;847
1001;1520;848
1002;1521;849
1003;1522;237
1004;1523;90
1005;1524;845
1006;1525;848
1010;1529;237
1027;1542;873
1028;1543;821
1030;1545;878
1044;1561;890
1045;1562;891
1047;1564;300
1087;1609;905

