CodeCommande;CodePFF;CodePersonne
11;5;17
12;6;20
13;7;21
14;8;22
17;9;25
21;10;25
25;11;36
26;12;14
26;13;14
36;16;47
36;16;48
36;16;49
36;16;50
39;17;47
39;17;49
39;17;50
45;18;52
47;20;52
50;22;47
50;22;49
50;22;50
50;22;52
51;23;14
51;23;52
52;24;63
52;26;67
52;26;68
52;26;69
52;28;70
52;28;71
52;28;72
52;28;73
52;28;74
53;29;82
53;30;83
53;31;84
53;31;85
53;32;86
53;32;87
53;33;88
54;34;89
55;35;14
59;36;92
63;38;14
71;40;92
72;43;118
83;49;121
83;49;122
84;50;14
84;50;52
85;51;124
86;52;124
87;53;122
89;54;124
91;55;92
91;55;125
91;55;126
91;55;127
92;56;131
92;56;132
92;57;131
92;57;132
92;59;136
92;60;79
92;60;137
92;60;138
92;61;128
94;62;47
100;65;22
100;65;149
101;66;150
104;67;95
104;67;153
104;67;154
104;68;153
104;69;156
106;70;160
107;72;14
107;73;14
107;74;14
107;75;14
112;76;14
113;77;160
116;78;92
117;79;92
118;80;160
121;82;178
122;83;14
123;84;92
125;85;180
125;85;181
125;86;92
126;87;92
128;88;184
128;89;184
129;90;92
131;91;52
131;91;92
132;92;47
132;92;49
132;92;185
133;93;94
133;93;95
134;94;186
134;94;187
134;94;188
134;95;189
136;96;47
136;96;49
139;97;192
139;98;193
139;99;47
139;99;49
139;100;195
140;101;196
141;102;47
141;102;49
141;103;52
145;105;52
146;106;47
146;106;49
146;106;52
147;107;47
147;107;49
148;111;154
149;108;189
152;109;47
152;109;49
153;110;154
154;112;14
155;113;14
156;114;196
156;115;14
156;116;14
156;117;201
156;117;202
156;118;203
156;119;204
156;119;205
156;120;204
156;120;205
156;121;14
156;122;47
156;122;49
158;123;206
158;123;207
158;123;208
159;124;207
159;124;208
161;125;92
165;126;217
169;130;283
169;130;315
174;132;230
175;133;231
186;138;246
194;139;267
198;140;270
201;142;273
201;142;274
201;142;275
206;143;281
209;144;285
210;145;315
212;146;283
213;147;283
213;148;283
214;149;315
217;150;315
217;151;265
217;151;270
217;151;283
217;151;294
220;152;296
220;152;297
221;153;298
224;154;270
224;155;270
226;157;315
227;156;288
228;158;308
230;159;270
230;160;270
230;161;315
230;162;313
231;163;317
232;164;283
232;164;315
233;165;321
233;166;270
233;167;270
233;168;270
233;169;322
233;169;323
233;169;324
234;170;283
234;171;283
235;172;283
242;173;315
243;174;315
244;175;315
244;175;339
257;179;352
259;181;356
266;182;360
266;183;360
266;184;360
266;184;362
266;185;360
266;186;360
266;187;360
266;187;362
266;188;360
267;189;364
267;189;365
267;190;364
267;190;365
267;191;316
267;191;364
267;191;365
267;191;366
267;192;367
267;193;360
267;194;368
270;195;369
270;196;316
270;196;366
272;197;366
272;197;373
274;198;375
275;199;378
275;200;378
275;201;378
276;202;316
276;202;365
276;203;316
276;203;365
277;204;365
277;204;373
278;205;316
279;206;369
280;207;380
280;207;381
280;207;382
280;208;383
281;209;378
283;210;376
285;211;391
285;212;392
286;213;365
286;213;373
288;214;369
288;215;369
288;216;369
294;217;316
294;217;366
295;218;360
295;218;397
296;219;316
297;220;316
297;220;365
298;221;399
298;222;360
298;222;362
298;223;360
298;223;397
305;224;370
305;225;370
305;226;406
305;227;406
306;228;408
306;229;408
308;230;365
308;230;368
308;230;373
308;231;365
308;231;373
309;232;316
309;233;316
311;234;365
311;234;373
313;235;365
313;236;365
314;237;468
315;238;316
315;238;366
315;239;378
316;240;316
316;241;316
316;242;316
317;243;316
318;245;360
318;245;362
318;246;360
318;247;360
318;248;360
318;249;410
319;250;360
319;251;360
319;252;360
319;253;383
319;254;397
319;255;381
320;256;411
320;256;412
320;257;316
320;257;365
320;260;316
320;261;316
320;262;316
320;262;365
320;263;316
320;263;365
320;264;378
320;265;378
322;266;418
322;267;417
322;268;316
322;269;415
322;269;416
323;270;421
323;271;419
323;272;418
323;273;363
323;273;373
323;273;425
323;274;222
323;274;426
323;275;222
323;275;426
323;276;427
323;277;431
323;278;432
323;278;433
323;279;357
323;280;222
323;280;426
323;281;222
323;281;426
324;282;316
325;283;433
327;284;434
327;285;434
327;286;435
328;287;435
328;288;365
328;288;373
328;289;316
328;289;365
328;290;316
328;290;366
329;291;365
329;292;365
329;293;365
329;294;368
330;295;369
332;296;365
332;296;373
332;297;365
332;297;373
332;298;365
332;298;373
332;299;365
332;299;373
333;300;438
333;301;439
333;301;440
338;303;443
338;304;443
339;305;365
340;306;413
340;307;413
341;308;365
342;309;445
342;310;445
343;311;316
343;311;366
344;314;360
348;316;365
348;319;378
348;320;366
348;320;373
349;321;369
354;322;360
354;322;362
354;323;360
354;324;360
354;325;397
354;326;397
354;327;397
355;328;373
361;329;365
367;330;459
367;330;464
367;331;460
367;331;461
367;331;462
367;331;463
367;332;460
367;332;461
367;332;462
367;332;463
369;333;
369;333;373
369;334;373
369;335;373
369;336;368
369;337;368
370;338;369
370;339;369
372;340;466
372;341;466
377;342;411
382;344;473
391;345;316
392;346;486
394;347;411
395;348;490
395;348;491
396;349;492
406;350;31
407;351;14
408;352;14
411;353;14
419;357;52
423;358;31
427;359;31
428;360;121
428;360;515
429;361;516
434;363;31
434;364;31
434;365;31
445;369;52
447;370;31
447;370;517
448;371;52
452;372;52
453;373;524
454;374;14
454;374;52
469;375;14
470;376;14
473;378;14
478;380;14
493;383;530
498;384;14
499;385;14
506;387;14
512;388;52
513;389;14
513;390;14
520;392;14
520;392;527
522;393;537
523;394;538
526;395;14
530;396;14
531;397;52
532;398;49
534;399;14
541;400;530
541;401;530
543;403;14
546;404;14
548;405;18
553;406;14
554;407;14
554;408;14
559;409;52
559;409;553
566;411;31
566;411;349
566;411;561
566;412;563
566;413;564
567;414;566
568;415;14
569;416;31
569;416;349
570;417;14
570;418;14
571;419;31
574;420;52
575;421;14
576;422;14
577;423;14
578;424;14
580;425;14
584;427;14
586;431;14
588;433;14
590;435;569
590;435;570
590;435;571
591;436;14
591;436;52
593;437;14
593;438;14
593;439;14
593;440;572
593;441;186
595;442;14
597;443;577
598;444;578
598;445;578
598;445;579
602;447;14
602;447;580
603;448;581
604;449;14
604;450;14
604;451;14
605;452;14
605;453;572
606;454;572
610;455;14
614;456;14
614;457;14
614;458;14
622;459;14
622;460;14
623;461;14
624;462;52
624;463;52
631;464;14
632;465;14
633;466;14
639;468;14
640;469;14
640;470;14
641;471;14
642;472;150
642;473;573
642;475;189
642;476;588
645;477;14
661;478;14
665;479;14
666;480;14
671;481;14
672;482;14
673;483;14
678;484;14
680;485;52
682;486;14
686;487;14
687;488;14
687;489;14
687;490;14
688;491;14
689;492;14
689;493;14
689;494;14
689;495;14
689;495;350
695;497;14
701;499;314
704;500;314
706;501;314
706;502;314
706;503;314
706;504;314
707;505;314
709;506;314
710;507;314
711;508;314
712;509;314
712;509;349
714;510;314
714;510;349
715;511;349
716;512;64
716;513;64
717;514;314
721;515;629
724;516;314
729;518;624
731;519;314
733;520;639
735;521;314
741;522;314
741;522;629
741;522;643
744;523;645
751;525;624
752;526;649
760;528;314
761;529;314
763;530;654
763;531;654
773;532;314
775;533;660
781;536;665
782;537;665
783;538;660
784;539;624
784;539;660
786;541;664
786;541;667
790;544;670
794;545;314
794;545;333
794;545;674
796;547;314
797;548;314
798;549;314
798;549;349
799;550;314
802;553;629
804;554;680
804;554;681
805;555;314
811;556;314
811;556;333
811;556;349
811;556;350
812;557;686
812;558;686
814;559;314
819;560;624
819;560;691
819;561;350
819;562;692
822;563;624
822;563;696
822;564;624
822;565;697
824;566;314
824;567;314
826;568;705
826;569;262
826;570;262
826;571;704
826;572;703
826;573;702
827;574;314
827;574;350
828;575;314
828;576;314
828;577;314
829;578;707
830;579;314
835;580;314
835;581;314
836;582;716
837;583;314
838;584;314
838;584;717
839;585;314
839;585;717
841;586;314
844;588;314
844;589;314
850;590;283
850;590;315
851;591;726
855;592;728
855;593;728
855;594;728
862;595;315
864;596;315
865;597;315
866;598;315
866;599;315
866;600;315
866;601;315
866;602;315
866;603;315
866;604;315
866;605;315
867;606;315
867;607;
867;607;315
867;608;315
867;609;315
867;610;315
867;611;315
870;612;749
870;613;315
870;614;315
870;615;315
870;617;750
870;618;333
871;619;750
873;620;315
874;621;315
874;622;315
875;623;748
875;624;748
877;625;315
877;626;315
886;627;315
886;628;315
886;629;315
887;630;892
887;631;892
887;632;892
887;634;315
887;635;315
887;636;315
887;637;315
887;638;315
888;639;315
890;640;14
895;641;14
917;649;767
921;651;770
925;652;14
925;653;14
925;654;14
927;656;14
930;660;14
936;664;14
938;667;14
940;668;774
942;669;315
944;670;776
944;671;776
952;672;316
952;672;366
952;673;316
952;673;366
952;674;479
952;675;316
952;675;366
959;676;316
959;677;316
959;677;365
959;677;366
959;677;785
959;678;316
959;678;365
959;678;366
959;678;785
959;679;316
959;679;365
959;679;366
959;679;785
959;680;316
959;680;365
959;680;366
959;680;785
960;681;316
960;681;365
960;681;366
960;681;373
960;682;316
960;682;366
960;683;316
960;683;366
960;684;813
961;685;316
961;686;316
961;687;365
961;688;316
961;688;365
961;689;815
961;690;365
961;691;364
961;691;365
961;692;316
961;692;366
961;693;316
961;693;366
961;694;366
961;694;373
961;696;785
961;697;316
961;697;365
964;698;365
964;698;366
965;699;365
965;699;366
966;700;373
966;701;785
966;702;785
966;703;785
970;706;316
970;706;365
970;707;316
970;707;365
970;708;316
970;708;365
970;709;364
970;709;366
970;710;316
970;710;365
970;710;366
970;710;373
970;711;316
970;711;365
970;711;366
970;711;373
974;712;34
975;713;52
976;714;131
976;714;132
977;715;52
980;716;52
986;717;283
986;717;315
987;718;283
991;719;283
992;720;841
993;721;283
993;721;315
996;722;283
996;722;315
999;723;315
1008;724;842
1013;726;854
1014;727;283
1019;732;265
1019;732;283
1019;732;315
1019;732;332
1019;732;776
1019;732;858
1019;732;859
1022;734;866
1024;735;870
1028;736;821
1036;738;315
1048;739;892
1074;740;896
1075;741;31
1075;741;896
1076;742;31
1076;742;896
1076;743;31
1076;743;896
1078;744;31
1078;744;896
1083;745;31
1083;745;896
1083;745;901
1085;746;903
